AAK   P         42.63900   74.49400  41.29500  129.08000   -0.06984590    0.02651068
ABKAR P         49.25550   59.94300  41.29500  129.08000   -0.05770732    0.03931009
AFI   P        -13.90930 -171.77730  41.29500  129.08000    0.04297481   -0.02608139
AGWH  Pn        43.08420  140.81990  41.29500  129.08000    0.11920081    0.03303899
AKASG P         50.70120   29.22420  41.29500  129.08000   -0.04055054    0.04241788
AKTO  P         50.43480   58.01640  41.29500  129.08000   -0.05585492    0.04101073
ANMO  P         34.94620 -106.45670  41.29500  129.08000    0.02882947    0.03146370
ARCES P         69.53480   25.50570  41.29500  129.08000   -0.02629298    0.05856516
ARU   P         56.42930   58.56150  41.29500  129.08000   -0.05072943    0.04900526
ASAH  Pn        38.47040  139.76060  41.29500  129.08000    0.11921797   -0.03297703
ASAR  P        -23.66640  133.90440  41.29500  129.08000    0.00499609   -0.05834497
ATD   P         11.53000   42.84700  41.29500  129.08000   -0.04849315    0.00544159
BBB   P         52.18470 -128.11330  41.29500  129.08000    0.03837507    0.04383775
BCAR  P         63.06177 -141.82771  41.29500  129.08000    0.03712493    0.05443562
BEWH  Pn        43.51130  142.39060  41.29500  129.08000    0.11822286    0.03638355
BJT   Pn        40.01830  116.16790  41.29500  129.08000   -0.12350800   -0.00679578
BMAR  P         67.45074 -144.52712  41.29500  129.08000    0.03322758    0.05876920
BORG  P         64.74740  -21.32680  41.29500  129.08000   -0.01205333    0.05285378
BURAR P         47.61480   25.21680  41.29500  129.08000   -0.03945173    0.03987827
BVAR  P         53.02490   70.38850  41.29500  129.08000   -0.05910943    0.04524614
CMAR  P         18.45750   98.94290  41.29500  129.08000   -0.06580535   -0.04170965
DAVOX P         46.78060    9.87970  41.29500  129.08000   -0.03114200    0.04002327
DLBC  P         58.43700 -130.03050  41.29500  129.08000    0.03602852    0.04940465
DOT   P         63.64820 -144.06970  41.29500  129.08000    0.03730413    0.05523420
DZM   P        -22.06800  166.44690  41.29500  129.08000    0.03192732   -0.04338549
EIL   P         29.67250   34.95190  41.29500  129.08000   -0.04751106    0.02270766
EKA   P         55.33320   -3.15880  41.29500  129.08000   -0.02251977    0.04653379
ELK   P         40.74480 -115.23880  41.29500  129.08000    0.03397728    0.03521393
EKS2  P         42.66150   73.77719  41.29500  129.08000   -0.06944580    0.02674543
ENH   P         30.27620  109.49440  41.29500  129.08000   -0.08655507   -0.04705594
ESDC  P         39.67440   -3.96300  41.29500  129.08000   -0.02392754    0.03519035
FINES P         61.44360   26.07710  41.29500  129.08000   -0.03314312    0.05195921
GERES P         48.83680   13.70190  41.29500  129.08000   -0.03279493    0.04146294
GEYT  P         37.92950   58.11710  41.29500  129.08000   -0.06155511    0.02413426
GNI   P         40.14950   44.74140  41.29500  129.08000   -0.05284610    0.03021716
GUMO  P         13.58920  144.86840  41.29500  129.08000    0.04097733   -0.06797057
HFS   P         60.14200   13.68500  41.29500  129.08000   -0.02862530    0.05040595
IDI   P         35.28800   24.89000  41.29500  129.08000   -0.04125181    0.02954803
ILAR  P         64.77140 -146.88660  41.29500  129.08000    0.03697182    0.05664041
IMAR  P         65.99705 -153.72240  41.29500  129.08000    0.03728434    0.05882189
INCN  Pn        37.47760  126.62390  41.29500  129.08000   -0.05676922   -0.10989843
INK   P         68.30650 -133.52540  41.29500  129.08000    0.02928058    0.05818984
INWH  Pn        37.64610  140.17350  41.29500  129.08000    0.11667645   -0.04107328
JKA   Pn        44.11890  142.59330  41.29500  129.08000    0.11597879    0.04300383
JNU   Pn        33.12170  130.87830  41.29500  129.08000    0.02261564   -0.12160979
JOW   Pn        26.83600  128.27310  41.29500  129.08000   -0.00624470   -0.12353709
KASH  Pn        39.46300  141.67750  41.29500  129.08000    0.12286681   -0.01428827
KBK   P         42.65639   74.94781  41.29500  129.08000   -0.07009781    0.02642657
KDAK  P         57.78280 -152.58350  41.29500  129.08000    0.04624722    0.04993782
KHYH  Pn        42.48510  139.96780  41.29500  129.08000    0.12101919    0.02558839
KKAR  P         43.10340   70.51150  41.29500  129.08000   -0.06736952    0.02833920
KKIH  Pn        32.95530  129.80260  41.29500  129.08000    0.00903964   -0.12336407
KLR   Pn        49.23000  131.75000  41.29500  129.08000    0.02662237    0.12079594
KMYH  Pn        38.08130  140.29780  41.29500  129.08000    0.11848233   -0.03552951
KSRS  Pn        37.44210  127.88440  41.29500  129.08000   -0.02976677   -0.12005977
KTRH  Pn        36.24930  137.51740  41.29500  129.08000    0.10173127   -0.07036446
KUCH  Pn        41.23400  140.98960  41.29500  129.08000    0.12345775    0.00765463
KURK  P         50.62260   78.53040  41.29500  129.08000   -0.06497406    0.04167441
MA2   P         59.57530  150.76780  41.29500  129.08000    0.04637616    0.08334760
MDJ   Pn        44.62000  129.59000  41.29500  129.08000    0.01347683    0.12295846
MDT   P         32.81400   -4.60700  41.29500  129.08000   -0.02508517    0.03267773
MJAR  Pn        36.52470  138.24720  41.29500  129.08000    0.10634259   -0.06317960
MKAR  P         46.79370   82.29060  41.29500  129.08000   -0.07069660    0.03371665
MLR   P         45.49170   25.94370  41.29500  129.08000   -0.04044715    0.03798236
MKIH  Pn        34.27000  134.14820  41.29500  129.08000    0.06441391   -0.10559951
MMAI  P         33.01530   35.40310  41.29500  129.08000   -0.04786345    0.02548897
MSVF  P        -17.74470  178.05270  41.29500  129.08000    0.03916506   -0.03476779
MYMH  Pn        35.26850  135.55080  41.29500  129.08000    0.08323863   -0.09149721
NEW   P         48.26330 -117.12000  41.29500  129.08000    0.03379413    0.04094743
NHWH  Pn        40.26110  141.17090  41.29500  129.08000    0.12358292   -0.00526023
NKEH  Pn        38.42570  140.12490  41.29500  129.08000    0.11946545   -0.03206890
NOA   P         61.03970   11.21480  41.29500  129.08000   -0.02709556    0.05102883
NRIK  P         69.33960   87.55500  41.29500  129.08000   -0.03137055    0.07073258
NVAR  P         38.42960 -118.30360  41.29500  129.08000    0.03597500    0.03315638
NYOH  Pn        38.10350  140.15530  41.29500  129.08000    0.11838338   -0.03585782
NZWH  Pn        36.91020  138.44080  41.29500  129.08000    0.10922317   -0.05805780
OBN   P         55.11380   36.56870  41.29500  129.08000   -0.04198313    0.04646069
ONIH  Pn        37.98830  139.80170  41.29500  129.08000    0.11746616   -0.03875705
OWNH  Pn        40.48410  140.55650  41.29500  129.08000    0.12365026   -0.00331983
PALK  P          7.27280   80.70220  41.29500  129.08000   -0.05938261   -0.02701380
PDAR  P         42.76670 -109.55790  41.29500  129.08000    0.03048417    0.03709658
PFO   P         33.60920 -116.45530  41.29500  129.08000    0.03491035    0.02968098
PETK  P         53.10820  157.69880  41.29500  129.08000    0.07180681    0.06304223
PSARR P        -21.57250  119.84580  41.29500  129.08000   -0.00999195   -0.05877198
RES   P         74.68920  -94.89620  41.29500  129.08000    0.01296527    0.06003640
RNKH  Pn        42.83090  140.48310  41.29500  129.08000    0.11999997    0.03000692
RZTH  Pn        39.03070  141.53200  41.29500  129.08000    0.12208403   -0.01989722
SADH  Pn        34.01120  134.09180  41.29500  129.08000    0.06230918   -0.10685492
SADO  P         44.76940  -79.14170  41.29500  129.08000    0.01400198    0.03932135
SBNH  Pn        33.21220  129.76520  41.29500  129.08000    0.00881744   -0.12338015
SCHQ  P         54.83240  -66.83320  41.29500  129.08000    0.00740679    0.04596041
SEHB  Pn        38.26860  128.25250  41.29500  129.08000   -0.02609515   -0.12091093
SEY   P         62.93280  152.38220  41.29500  129.08000    0.03403188    0.07413409
SHEM  P         52.72950  174.09940  41.29500  129.08000    0.06361315    0.04674396
SONM  P         47.83470  106.39500  41.29500  129.08000   -0.09746152    0.05562641
SPITS P         78.17770   16.37000  41.29500  129.08000   -0.01532310    0.06375471
SUMG  P         72.57630  -38.45390  41.29500  129.08000   -0.00410715    0.05775502
TIXI  P         71.63410  128.86670  41.29500  129.08000   -0.00018513    0.07950310
TXAR  P         29.33430 -103.66760  41.29500  129.08000    0.02867614    0.02966610
TJN   Pn        36.37720  127.36380  41.29500  129.08000   -0.03370203   -0.11901505
ULM   P         50.25030  -95.87500  41.29500  129.08000    0.02212245    0.04291954
USRK  Pn        44.19980  131.98880  41.29500  129.08000    0.07174169    0.10076477
WRA   P        -19.94260  134.33950  41.29500  129.08000    0.00600661   -0.06063249
YKA   P         62.49320 -114.60530  41.29500  129.08000    0.02699689    0.05222468
YMTH  Pn        35.83230  136.96210  41.29500  129.08000    0.09624040   -0.07770581
YNDH  Pn        33.53880  133.00160  41.29500  129.08000    0.04868913   -0.11370918
YSDH  Pn        35.16340  132.85580  41.29500  129.08000    0.05634205   -0.11011804
YUZH  Pn        39.19130  140.47100  41.29500  129.08000    0.12188289   -0.02109431
YWTH  Pn        38.97010  140.03330  41.29500  129.08000    0.12104773   -0.02545301
YZWH  Pn        36.81140  138.78490  41.29500  129.08000    0.10970187   -0.05714812
ZALV  P         53.94810   84.81880  41.29500  129.08000   -0.06174653    0.04939597
