  AAK        P   42.63900    74.49400   41.29500   129.08000   -0.11141634    0.06016690
ABKAR        P   49.25550    59.94300   41.29500   129.08000   -0.10939581    0.04162154
  AFI        P  -13.90930  -171.77730   41.29500   129.08000    0.04297481   -0.02608139
 AGWH       Pn   43.08420   140.81990   41.29500   129.08000    0.15104783    0.04149041
AKASG        P   50.70120    29.22420   41.29500   129.08000   -0.05085284    0.01533001
 AKTO        P   50.43480    58.01640   41.29500   129.08000   -0.09818824    0.07612045
 ANMO        P   34.94620  -106.45670   41.29500   129.08000    0.00016833    0.01568685
ARCES        P   69.53480    25.50570   41.29500   129.08000    0.00522410   -0.01966829
  ARU        P   56.42930    58.56150   41.29500   129.08000   -0.04650010    0.06775982
 ASAH       Pn   38.47040   139.76060   41.29500   129.08000    0.16865275   -0.02811646
 ASAR        P  -23.66640   133.90440   41.29500   129.08000   -0.00737077   -0.05233036
  ATD        P   11.53000    42.84700   41.29500   129.08000   -0.04849315    0.00544159
  BBB        P   52.18470  -128.11330   41.29500   129.08000    0.03837507    0.04383775
 BCAR        P   63.06177  -141.82771   41.29500   129.08000    0.02397547    0.07096907
 BEWH       Pn   43.51130   142.39060   41.29500   129.08000    0.15122491    0.03013441
  BJT       Pn   40.01830   116.16790   41.29500   129.08000   -0.17271996    0.03353338
 BMAR        P   67.45074  -144.52712   41.29500   129.08000    0.02843819    0.06551417
 BORG        P   64.74740   -21.32680   41.29500   129.08000   -0.01205333    0.05285378
BURAR        P   47.61480    25.21680   41.29500   129.08000   -0.05017620    0.04492126
 BVAR        P   53.02490    70.38850   41.29500   129.08000   -0.08237731    0.08761921
 CMAR        P   18.45750    98.94290   41.29500   129.08000   -0.09352248   -0.03221594
DAVOX        P   46.78060     9.87970   41.29500   129.08000   -0.05585571    0.05949782
 DLBC        P   58.43700  -130.03050   41.29500   129.08000    0.00497422    0.05225350
  DOT        P   63.64820  -144.06970   41.29500   129.08000    0.01619541    0.08177835
  DZM        P  -22.06800   166.44690   41.29500   129.08000   -0.04517095   -0.02700082
  EIL        P   29.67250    34.95190   41.29500   129.08000   -0.03686986    0.03622762
  EKA        P   55.33320    -3.15880   41.29500   129.08000   -0.04055718    0.04165704
  ELK        P   40.74480  -115.23880   41.29500   129.08000    0.01229131    0.04413353
 EKS2        P   42.66150    73.77719   41.29500   129.08000   -0.09048911    0.05904155
  ENH        P   30.27620   109.49440   41.29500   129.08000   -0.08655507   -0.04705594
 ESDC        P   39.67440    -3.96300   41.29500   129.08000    0.06539859   -0.17528147
FINES        P   61.44360    26.07710   41.29500   129.08000   -0.02958795    0.02144691
GERES        P   48.83680    13.70190   41.29500   129.08000   -0.05121030    0.05360163
 GEYT        P   37.92950    58.11710   41.29500   129.08000   -0.05522760    0.01416112
  GNI        P   40.14950    44.74140   41.29500   129.08000   -0.05284610    0.03021716
 GUMO        P   13.58920   144.86840   41.29500   129.08000    0.04097733   -0.06797057
  HFS        P   60.14200    13.68500   41.29500   129.08000   -0.04414463    0.04496951
  IDI        P   35.28800    24.89000   41.29500   129.08000   -0.05460194    0.02152398
 ILAR        P   64.77140  -146.88660   41.29500   129.08000    0.02119708    0.07697005
 IMAR        P   65.99705  -153.72240   41.29500   129.08000    0.03577082    0.06223795
 INCN       Pn   37.47760   126.62390   41.29500   129.08000   -0.07089911   -0.10561441
  INK        P   68.30650  -133.52540   41.29500   129.08000    0.02928058    0.05818984
 INWH       Pn   37.64610   140.17350   41.29500   129.08000    0.16541913   -0.01111902
  JKA       Pn   44.11890   142.59330   41.29500   129.08000    0.11597879    0.04300383
  JNU       Pn   33.12170   130.87830   41.29500   129.08000    0.01589601   -0.16964123
  JOW       Pn   26.83600   128.27310   41.29500   129.08000   -0.00624470   -0.12353709
 KASH       Pn   39.46300   141.67750   41.29500   129.08000    0.15690828   -0.02423479
  KBK        P   42.65639    74.94781   41.29500   129.08000   -0.11036209    0.04962231
 KDAK        P   57.78280  -152.58350   41.29500   129.08000   -0.00318276    0.09596252
 KHYH       Pn   42.48510   139.96780   41.29500   129.08000    0.15663805    0.03472152
 KKAR        P   43.10340    70.51150   41.29500   129.08000   -0.10108568    0.04700092
 KKIH       Pn   32.95530   129.80260   41.29500   129.08000    0.01843321   -0.15615243
  KLR       Pn   49.23000   131.75000   41.29500   129.08000    0.02662237    0.12079594
 KMYH       Pn   38.08130   140.29780   41.29500   129.08000    0.16935924   -0.02978892
 KSRS       Pn   37.44210   127.88440   41.29500   129.08000   -0.05553404   -0.13912084
 KTRH       Pn   36.24930   137.51740   41.29500   129.08000    0.12472112   -0.07338237
 KUCH       Pn   41.23400   140.98960   41.29500   129.08000    0.15891540    0.01318664
 KURK        P   50.62260    78.53040   41.29500   129.08000   -0.08443154    0.04006678
  MA2        P   59.57530   150.76780   41.29500   129.08000    0.04637616    0.08334760
  MDJ       Pn   44.62000   129.59000   41.29500   129.08000   -0.00806289    0.13861321
  MDT        P   32.81400    -4.60700   41.29500   129.08000   -0.02508517    0.03267773
 MJAR       Pn   36.52470   138.24720   41.29500   129.08000    0.12126244   -0.07732497
 MKAR        P   46.79370    82.29060   41.29500   129.08000   -0.10698501    0.03449648
  MLR        P   45.49170    25.94370   41.29500   129.08000   -0.08835827    0.01082394
 MKIH       Pn   34.27000   134.14820   41.29500   129.08000    0.12468598   -0.12019328
 MMAI        P   33.01530    35.40310   41.29500   129.08000   -0.04786345    0.02548897
 MSVF        P  -17.74470   178.05270   41.29500   129.08000    0.03916506   -0.03476779
 MYMH       Pn   35.26850   135.55080   41.29500   129.08000    0.12533630   -0.08851247
  NEW        P   48.26330  -117.12000   41.29500   129.08000    0.02930158    0.05708759
 NHWH       Pn   40.26110   141.17090   41.29500   129.08000    0.15742248    0.00777948
 NKEH       Pn   38.42570   140.12490   41.29500   129.08000    0.17592533   -0.01225453
  NOA        P   61.03970    11.21480   41.29500   129.08000   -0.05768218    0.01582073
 NRIK        P   69.33960    87.55500   41.29500   129.08000   -0.03137055    0.07073258
 NVAR        P   38.42960  -118.30360   41.29500   129.08000    0.02638968    0.04850773
 NYOH       Pn   38.10350   140.15530   41.29500   129.08000    0.17261353   -0.01714574
 NZWH       Pn   36.91020   138.44080   41.29500   129.08000    0.15041302   -0.04872637
  OBN        P   55.11380    36.56870   41.29500   129.08000   -0.03944669    0.05873752
 ONIH       Pn   37.98830   139.80170   41.29500   129.08000    0.16081307   -0.03707304
 OWNH       Pn   40.48410   140.55650   41.29500   129.08000    0.15604825   -0.01289846
 PALK        P    7.27280    80.70220   41.29500   129.08000   -0.05938261   -0.02701380
 PDAR        P   42.76670  -109.55790   41.29500   129.08000    0.00270116    0.06257281
  PFO        P   33.60920  -116.45530   41.29500   129.08000   -0.00435923    0.04360584
 PETK        P   53.10820   157.69880   41.29500   129.08000    0.07180681    0.06304223
PSARR        P  -21.57250   119.84580   41.29500   129.08000   -0.02517057   -0.04931793
  RES        P   74.68920   -94.89620   41.29500   129.08000    0.01296527    0.06003640
 RNKH       Pn   42.83090   140.48310   41.29500   129.08000    0.15859932    0.04062062
 RZTH       Pn   39.03070   141.53200   41.29500   129.08000    0.16201785   -0.02433852
 SADH       Pn   34.01120   134.09180   41.29500   129.08000    0.08265553   -0.11291059
 SADO        P   44.76940   -79.14170   41.29500   129.08000    0.01400198    0.03932135
 SBNH       Pn   33.21220   129.76520   41.29500   129.08000    0.02433306   -0.14963413
 SCHQ        P   54.83240   -66.83320   41.29500   129.08000   -0.04219168    0.02128197
 SEHB       Pn   38.26860   128.25250   41.29500   129.08000   -0.02609515   -0.12091093
  SEY        P   62.93280   152.38220   41.29500   129.08000    0.02294650    0.08124429
 SHEM        P   52.72950   174.09940   41.29500   129.08000    0.06361315    0.04674396
 SONM        P   47.83470   106.39500   41.29500   129.08000   -0.12279790    0.07708485
SPITS        P   78.17770    16.37000   41.29500   129.08000   -0.01604470    0.02366637
 SUMG        P   72.57630   -38.45390   41.29500   129.08000   -0.01025830    0.06841250
 TIXI        P   71.63410   128.86670   41.29500   129.08000   -0.02057134    0.09064839
 TXAR        P   29.33430  -103.66760   41.29500   129.08000    0.01870446    0.04741643
  TJN       Pn   36.37720   127.36380   41.29500   129.08000   -0.06425605   -0.10518465
  ULM        P   50.25030   -95.87500   41.29500   129.08000   -0.01643349    0.02659004
 USRK       Pn   44.19980   131.98880   41.29500   129.08000    0.08666789    0.11888818
  WRA        P  -19.94260   134.33950   41.29500   129.08000   -0.01539822   -0.07210750
  YKA        P   62.49320  -114.60530   41.29500   129.08000    0.01841785    0.00366018
 YMTH       Pn   35.83230   136.96210   41.29500   129.08000    0.13057581   -0.07409811
 YNDH       Pn   33.53880   133.00160   41.29500   129.08000    0.09995484   -0.12378506
 YSDH       Pn   35.16340   132.85580   41.29500   129.08000    0.10287324   -0.12228823
 YUZH       Pn   39.19130   140.47100   41.29500   129.08000    0.15342794   -0.04229184
 YWTH       Pn   38.97010   140.03330   41.29500   129.08000    0.16141801   -0.03517820
 YZWH       Pn   36.81140   138.78490   41.29500   129.08000    0.15081483   -0.04219117
 ZALV        P   53.94810    84.81880   41.29500   129.08000   -0.07495818    0.06027790
