ARE0       P1   69.53490    25.50580   67.93590    25.83491   -0.00444956    0.15240827  
ARE0       S1   69.53490    25.50580   67.93590    25.83491   -0.01949721    0.21952979  
KEV       P1   69.75530    27.00670   67.93590    25.83491    0.04370037    0.16677878   
KEV       S1   69.75530    27.00670   67.93590    25.83491    0.06306314    0.21845074   
SGF       P1   67.44211    26.52611   67.93590    25.83491    0.05914372   -0.13452082   
SGF       S1   67.44211    26.52611   67.93590    25.83491    0.14797192   -0.22827667   
LP34       P1   67.26574    28.12528   67.93590    25.83491    0.13717609   -0.12349247  
LP34       S1   67.26574    28.12528   67.93590    25.83491    0.25106792   -0.18474796  
LP53       P1   68.08434    27.18877   67.93590    25.83491    0.15911162    0.04461903  
LP53       S1   68.08434    27.18877   67.93590    25.83491    0.25158429    0.04524978  
LP61       P1   67.91408    23.93216   67.93590    25.83491   -0.16796876   -0.00058827  
LP61       S1   67.91408    23.93216   67.93590    25.83491   -0.30036279   -0.04596086  
